object_list:
- arm_name: soap2
  object_name: left
  pick_pose:
    orientation:
      w: 0.0
      x: 0.0
      y: 0.0
      z: 0.0
    position:
      x: 0.4465380609035492
      y: 0.22087842226028442
      z: 0.6803364157676697
  place_pose:
    orientation:
      w: 0.0
      x: 0.0
      y: 0.0
      z: 0.0
    position:
      x: 0
      y: 0.71
      z: 0.605
  test_scene_num: 1
